1.605136436597110741e-03
1.605136436597110741e-03
1.605136436597110741e-03
1.605136436597110741e-03
1.605136436597110741e-03
4.815409309791332006e-03
1.605136436597110741e-03
1.605136436597110741e-03
1.605136436597110741e-03
1.605136436597110741e-03
1.605136436597110741e-03
1.605136436597110741e-03
1.605136436597110741e-03
1.605136436597110741e-03
3.210272873194221482e-03
1.605136436597110741e-03
1.605136436597110741e-03
0.000000000000000000e+00
1.605136436597110741e-03
1.605136436597110741e-03
3.210272873194221482e-03
4.815409309791332006e-03
4.815409309791332006e-03
9.630818619582664011e-03
6.420545746388442963e-03
1.123595505617977497e-02
1.444622792937399688e-02
1.926163723916532802e-02
1.765650080256821880e-02
1.926163723916532802e-02
1.765650080256821880e-02
2.247191011235954994e-02
2.407704654895666263e-02
2.247191011235954994e-02
2.086677367576244072e-02
2.086677367576244072e-02
1.605136436597110611e-02
2.247191011235954994e-02
2.568218298555377185e-02
2.086677367576244072e-02
2.086677367576244072e-02
2.247191011235954994e-02
2.247191011235954994e-02
2.568218298555377185e-02
2.247191011235954994e-02
1.765650080256821880e-02
1.605136436597110611e-02
2.247191011235954994e-02
2.086677367576244072e-02
2.407704654895666263e-02
2.568218298555377185e-02
1.926163723916532802e-02
1.605136436597110611e-02
2.247191011235954994e-02
1.444622792937399688e-02
2.407704654895666263e-02
2.247191011235954994e-02
1.605136436597110611e-02
2.086677367576244072e-02
1.926163723916532802e-02
1.926163723916532802e-02
1.605136436597110611e-02
1.765650080256821880e-02
1.926163723916532802e-02
1.926163723916532802e-02
2.086677367576244072e-02
1.605136436597110611e-02
1.444622792937399688e-02
9.630818619582664011e-03
1.605136436597110741e-03
6.420545746388442963e-03
4.815409309791332006e-03
6.420545746388442963e-03
3.210272873194221482e-03
1.605136436597110741e-03
3.210272873194221482e-03
1.605136436597110741e-03
3.210272873194221482e-03
1.605136436597110741e-03
1.605136436597110741e-03
3.210272873194221482e-03
1.605136436597110741e-03
1.605136436597110741e-03
1.605136436597110741e-03
1.605136436597110741e-03
1.605136436597110741e-03
3.210272873194221482e-03
1.605136436597110741e-03
1.605136436597110741e-03
1.605136436597110741e-03
1.605136436597110741e-03
3.210272873194221482e-03
1.605136436597110741e-03
1.605136436597110741e-03
1.605136436597110741e-03
1.605136436597110741e-03
1.605136436597110741e-03
3.210272873194221482e-03
0.000000000000000000e+00
1.605136436597110741e-03
