2.013287698812160371e-04
2.013287698812160371e-04
2.013287698812160371e-04
2.013287698812160371e-04
2.013287698812160371e-04
0.000000000000000000e+00
2.013287698812160371e-04
2.013287698812160371e-04
4.026575397624320742e-04
2.013287698812160371e-04
4.026575397624320742e-04
2.013287698812160371e-04
0.000000000000000000e+00
4.026575397624320742e-04
2.013287698812160371e-04
2.013287698812160371e-04
2.013287698812160371e-04
4.026575397624320742e-04
2.013287698812160371e-04
2.013287698812160371e-04
2.013287698812160371e-04
4.026575397624320742e-04
6.039863096436481112e-04
6.039863096436481112e-04
4.026575397624320742e-04
4.026575397624320742e-04
8.053150795248641483e-04
1.006643849406080185e-03
1.207972619287296222e-03
1.207972619287296222e-03
1.811958928930944334e-03
2.013287698812160371e-03
1.811958928930944334e-03
2.415945238574592445e-03
2.214616468693376191e-03
3.019931548218240339e-03
2.818602778337024519e-03
2.818602778337024519e-03
3.221260318099456593e-03
3.221260318099456593e-03
3.221260318099456593e-03
2.818602778337024519e-03
3.623917857861888667e-03
3.221260318099456593e-03
3.019931548218240339e-03
3.019931548218240339e-03
2.818602778337024519e-03
2.818602778337024519e-03
2.617274008455808265e-03
2.818602778337024519e-03
3.221260318099456593e-03
2.214616468693376191e-03
2.818602778337024519e-03
2.617274008455808265e-03
2.818602778337024519e-03
3.221260318099456593e-03
2.818602778337024519e-03
2.818602778337024519e-03
3.422589087980672413e-03
3.221260318099456593e-03
3.019931548218240339e-03
2.818602778337024519e-03
2.818602778337024519e-03
3.019931548218240339e-03
3.422589087980672413e-03
2.818602778337024519e-03
3.019931548218240339e-03
3.422589087980672413e-03
2.818602778337024519e-03
3.422589087980672413e-03
2.617274008455808265e-03
3.221260318099456593e-03
2.818602778337024519e-03
3.019931548218240339e-03
3.019931548218240339e-03
3.623917857861888667e-03
3.221260318099456593e-03
3.221260318099456593e-03
3.221260318099456593e-03
3.221260318099456593e-03
2.617274008455808265e-03
2.818602778337024519e-03
3.019931548218240339e-03
3.221260318099456593e-03
3.019931548218240339e-03
2.818602778337024519e-03
3.221260318099456593e-03
3.019931548218240339e-03
2.818602778337024519e-03
3.019931548218240339e-03
2.818602778337024519e-03
3.019931548218240339e-03
2.617274008455808265e-03
2.617274008455808265e-03
2.818602778337024519e-03
3.221260318099456593e-03
2.818602778337024519e-03
2.818602778337024519e-03
2.818602778337024519e-03
2.617274008455808265e-03
3.019931548218240339e-03
3.019931548218240339e-03
3.019931548218240339e-03
2.415945238574592445e-03
3.019931548218240339e-03
3.422589087980672413e-03
3.422589087980672413e-03
3.221260318099456593e-03
3.019931548218240339e-03
3.019931548218240339e-03
3.422589087980672413e-03
2.818602778337024519e-03
3.019931548218240339e-03
3.019931548218240339e-03
3.019931548218240339e-03
2.818602778337024519e-03
2.818602778337024519e-03
3.019931548218240339e-03
2.818602778337024519e-03
3.221260318099456593e-03
3.019931548218240339e-03
3.019931548218240339e-03
3.221260318099456593e-03
3.019931548218240339e-03
3.221260318099456593e-03
3.221260318099456593e-03
2.818602778337024519e-03
3.019931548218240339e-03
3.422589087980672413e-03
3.221260318099456593e-03
3.422589087980672413e-03
3.221260318099456593e-03
3.019931548218240339e-03
3.019931548218240339e-03
3.221260318099456593e-03
3.019931548218240339e-03
3.422589087980672413e-03
3.422589087980672413e-03
2.617274008455808265e-03
3.422589087980672413e-03
3.422589087980672413e-03
3.422589087980672413e-03
3.019931548218240339e-03
3.019931548218240339e-03
2.818602778337024519e-03
3.623917857861888667e-03
2.818602778337024519e-03
3.422589087980672413e-03
3.422589087980672413e-03
2.617274008455808265e-03
3.221260318099456593e-03
3.019931548218240339e-03
3.623917857861888667e-03
2.818602778337024519e-03
2.818602778337024519e-03
2.818602778337024519e-03
2.818602778337024519e-03
3.019931548218240339e-03
3.221260318099456593e-03
3.019931548218240339e-03
3.221260318099456593e-03
2.818602778337024519e-03
3.221260318099456593e-03
3.221260318099456593e-03
2.818602778337024519e-03
2.818602778337024519e-03
3.019931548218240339e-03
2.415945238574592445e-03
3.221260318099456593e-03
3.019931548218240339e-03
3.221260318099456593e-03
2.617274008455808265e-03
2.617274008455808265e-03
2.617274008455808265e-03
2.818602778337024519e-03
2.617274008455808265e-03
2.617274008455808265e-03
2.415945238574592445e-03
2.818602778337024519e-03
2.415945238574592445e-03
2.818602778337024519e-03
3.019931548218240339e-03
2.818602778337024519e-03
2.415945238574592445e-03
2.818602778337024519e-03
2.617274008455808265e-03
2.415945238574592445e-03
2.617274008455808265e-03
2.818602778337024519e-03
2.818602778337024519e-03
2.818602778337024519e-03
2.617274008455808265e-03
2.818602778337024519e-03
2.617274008455808265e-03
2.818602778337024519e-03
3.422589087980672413e-03
2.415945238574592445e-03
2.818602778337024519e-03
3.019931548218240339e-03
2.415945238574592445e-03
2.818602778337024519e-03
2.415945238574592445e-03
3.221260318099456593e-03
2.617274008455808265e-03
3.019931548218240339e-03
3.019931548218240339e-03
3.422589087980672413e-03
3.019931548218240339e-03
3.019931548218240339e-03
2.818602778337024519e-03
3.221260318099456593e-03
3.019931548218240339e-03
3.221260318099456593e-03
3.221260318099456593e-03
3.221260318099456593e-03
3.422589087980672413e-03
3.422589087980672413e-03
2.818602778337024519e-03
3.019931548218240339e-03
3.019931548218240339e-03
3.019931548218240339e-03
3.221260318099456593e-03
3.422589087980672413e-03
2.818602778337024519e-03
3.019931548218240339e-03
2.617274008455808265e-03
3.221260318099456593e-03
2.818602778337024519e-03
3.422589087980672413e-03
2.818602778337024519e-03
2.818602778337024519e-03
3.019931548218240339e-03
3.019931548218240339e-03
3.422589087980672413e-03
3.221260318099456593e-03
3.221260318099456593e-03
3.623917857861888667e-03
2.818602778337024519e-03
2.818602778337024519e-03
3.623917857861888667e-03
3.221260318099456593e-03
2.818602778337024519e-03
3.623917857861888667e-03
3.221260318099456593e-03
3.019931548218240339e-03
3.019931548218240339e-03
2.617274008455808265e-03
3.221260318099456593e-03
3.221260318099456593e-03
3.019931548218240339e-03
3.019931548218240339e-03
3.221260318099456593e-03
3.019931548218240339e-03
3.019931548218240339e-03
2.617274008455808265e-03
3.019931548218240339e-03
2.818602778337024519e-03
2.818602778337024519e-03
3.422589087980672413e-03
3.221260318099456593e-03
3.422589087980672413e-03
3.422589087980672413e-03
3.221260318099456593e-03
3.019931548218240339e-03
3.019931548218240339e-03
2.818602778337024519e-03
2.617274008455808265e-03
2.818602778337024519e-03
3.019931548218240339e-03
2.617274008455808265e-03
2.818602778337024519e-03
2.818602778337024519e-03
3.221260318099456593e-03
2.617274008455808265e-03
2.617274008455808265e-03
2.617274008455808265e-03
2.415945238574592445e-03
2.617274008455808265e-03
3.422589087980672413e-03
2.617274008455808265e-03
2.818602778337024519e-03
2.818602778337024519e-03
2.415945238574592445e-03
2.617274008455808265e-03
2.818602778337024519e-03
2.415945238574592445e-03
2.818602778337024519e-03
2.818602778337024519e-03
2.617274008455808265e-03
2.617274008455808265e-03
2.818602778337024519e-03
2.415945238574592445e-03
3.019931548218240339e-03
2.415945238574592445e-03
2.818602778337024519e-03
3.019931548218240339e-03
2.818602778337024519e-03
2.617274008455808265e-03
2.415945238574592445e-03
2.818602778337024519e-03
2.818602778337024519e-03
2.818602778337024519e-03
2.617274008455808265e-03
2.617274008455808265e-03
2.818602778337024519e-03
2.617274008455808265e-03
2.415945238574592445e-03
2.415945238574592445e-03
2.617274008455808265e-03
2.818602778337024519e-03
2.617274008455808265e-03
3.019931548218240339e-03
2.617274008455808265e-03
2.214616468693376191e-03
2.617274008455808265e-03
2.617274008455808265e-03
2.617274008455808265e-03
3.019931548218240339e-03
2.415945238574592445e-03
2.617274008455808265e-03
3.019931548218240339e-03
2.818602778337024519e-03
2.617274008455808265e-03
3.019931548218240339e-03
2.415945238574592445e-03
2.415945238574592445e-03
2.415945238574592445e-03
2.415945238574592445e-03
2.415945238574592445e-03
2.617274008455808265e-03
2.818602778337024519e-03
2.415945238574592445e-03
2.013287698812160371e-03
2.818602778337024519e-03
2.617274008455808265e-03
3.019931548218240339e-03
2.214616468693376191e-03
2.617274008455808265e-03
2.617274008455808265e-03
2.415945238574592445e-03
2.818602778337024519e-03
2.617274008455808265e-03
2.214616468693376191e-03
2.617274008455808265e-03
2.617274008455808265e-03
3.019931548218240339e-03
2.617274008455808265e-03
2.214616468693376191e-03
2.617274008455808265e-03
2.214616468693376191e-03
2.415945238574592445e-03
2.214616468693376191e-03
2.214616468693376191e-03
2.415945238574592445e-03
2.617274008455808265e-03
2.617274008455808265e-03
2.818602778337024519e-03
2.818602778337024519e-03
3.422589087980672413e-03
3.019931548218240339e-03
3.019931548218240339e-03
2.818602778337024519e-03
2.818602778337024519e-03
2.617274008455808265e-03
2.214616468693376191e-03
2.214616468693376191e-03
1.610630159049728297e-03
1.811958928930944334e-03
1.610630159049728297e-03
1.409301389168512260e-03
1.006643849406080185e-03
8.053150795248641483e-04
6.039863096436481112e-04
8.053150795248641483e-04
4.026575397624320742e-04
4.026575397624320742e-04
6.039863096436481112e-04
2.013287698812160371e-04
4.026575397624320742e-04
2.013287698812160371e-04
4.026575397624320742e-04
2.013287698812160371e-04
2.013287698812160371e-04
2.013287698812160371e-04
2.013287698812160371e-04
0.000000000000000000e+00
2.013287698812160371e-04
2.013287698812160371e-04
0.000000000000000000e+00
2.013287698812160371e-04
4.026575397624320742e-04
2.013287698812160371e-04
2.013287698812160371e-04
2.013287698812160371e-04
2.013287698812160371e-04
2.013287698812160371e-04
2.013287698812160371e-04
2.013287698812160371e-04
0.000000000000000000e+00
2.013287698812160371e-04
2.013287698812160371e-04
2.013287698812160371e-04
2.013287698812160371e-04
2.013287698812160371e-04
0.000000000000000000e+00
0.000000000000000000e+00
2.013287698812160371e-04
2.013287698812160371e-04
2.013287698812160371e-04
0.000000000000000000e+00
2.013287698812160371e-04
2.013287698812160371e-04
4.026575397624320742e-04
2.013287698812160371e-04
2.013287698812160371e-04
2.013287698812160371e-04
0.000000000000000000e+00
2.013287698812160371e-04
0.000000000000000000e+00
2.013287698812160371e-04
