2.282323405226520472e-04
2.282323405226520472e-04
2.282323405226520472e-04
1.141161702613260236e-04
2.282323405226520472e-04
3.423485107839780708e-04
2.282323405226520472e-04
3.423485107839780708e-04
3.423485107839780708e-04
3.423485107839780708e-04
2.282323405226520472e-04
4.564646810453040944e-04
3.423485107839780708e-04
3.423485107839780708e-04
6.846970215679561416e-04
6.846970215679561416e-04
9.129293620906081888e-04
1.141161702613260236e-03
1.255277872874586368e-03
1.939974894442542510e-03
2.852904256533150915e-03
4.222298299669063198e-03
6.048157023850279576e-03
9.129293620906081888e-03
1.175396553691658054e-02
1.540568298527901329e-02
1.837270341207349056e-02
2.225265320095857688e-02
2.419262809540111830e-02
2.624671916010498651e-02
2.738788086271824740e-02
2.909962341663813873e-02
2.875727490585415838e-02
2.841492639507018150e-02
2.830081022480885472e-02
2.887139107611548516e-02
2.875727490585415838e-02
2.795846171402487784e-02
2.738788086271824740e-02
2.773022937350222428e-02
2.670318384115029017e-02
2.567613830879835607e-02
2.533378979801437919e-02
2.613260298984365973e-02
2.499144128723039884e-02
2.396439575487846474e-02
2.350793107383316108e-02
2.327969873331051098e-02
2.236676937121990019e-02
2.111149149834531599e-02
2.099737532808398921e-02
1.962798128494807823e-02
2.031267830651603198e-02
1.905740043364144778e-02
1.882916809311879422e-02
1.848681958233481734e-02
1.791623873102818690e-02
1.677507702841492601e-02
1.563391532580166512e-02
1.666096085815359923e-02
1.654684468789227592e-02
1.620449617710829557e-02
1.563391532580166512e-02
1.472098596371105780e-02
1.300924340979116821e-02
1.118338468560995010e-02
9.243409791167408671e-03
8.216364258815474567e-03
6.048157023850279576e-03
5.477576172543649133e-03
3.994065959146411368e-03
3.309368937578455010e-03
2.282323405226520472e-03
2.054091064703868642e-03
1.255277872874586368e-03
1.369394043135912283e-03
1.027045532351934321e-03
7.988131918292821652e-04
4.564646810453040944e-04
4.564646810453040944e-04
3.423485107839780708e-04
5.705808513066301180e-04
3.423485107839780708e-04
4.564646810453040944e-04
2.282323405226520472e-04
3.423485107839780708e-04
2.282323405226520472e-04
2.282323405226520472e-04
3.423485107839780708e-04
3.423485107839780708e-04
2.282323405226520472e-04
2.282323405226520472e-04
2.282323405226520472e-04
1.141161702613260236e-04
2.282323405226520472e-04
3.423485107839780708e-04
1.141161702613260236e-04
2.282323405226520472e-04
2.282323405226520472e-04
2.282323405226520472e-04
