2.762927044911379015e-05
4.144390567367068522e-05
2.762927044911379015e-05
4.144390567367068522e-05
4.144390567367068522e-05
2.762927044911379015e-05
4.144390567367068522e-05
2.762927044911379015e-05
4.144390567367068522e-05
2.762927044911379015e-05
2.762927044911379015e-05
5.525854089822758029e-05
5.525854089822758029e-05
6.907317612278448214e-05
6.907317612278448214e-05
5.525854089822758029e-05
5.525854089822758029e-05
9.670244657189827229e-05
1.105170817964551606e-04
1.381463522455689643e-04
1.795902579192396292e-04
2.210341635929103212e-04
2.486634340420240978e-04
3.177366101648085935e-04
3.868097862875930892e-04
4.696975976349344732e-04
6.492878555541740752e-04
7.321756669015155134e-04
9.532098304944258346e-04
1.160429358862779268e-03
1.395278157680246477e-03
1.602497686048599910e-03
2.003122107560749779e-03
2.251785541602773985e-03
2.528078246093911751e-03
2.832000221034163510e-03
2.956331938055175614e-03
3.094478290300744713e-03
3.287883183444540933e-03
3.274068548219984370e-03
3.315512453893654926e-03
3.094478290300744713e-03
3.053034384627073723e-03
2.818185585809606514e-03
2.680039233564037848e-03
2.721483139237708404e-03
2.610966057441253298e-03
2.459005069971127201e-03
2.389931893848343085e-03
2.445190434746570638e-03
2.541892881318468748e-03
2.666224598339480851e-03
2.583336786992139304e-03
2.583336786992139304e-03
2.652409963114923854e-03
2.790556315360492954e-03
2.762927044911378961e-03
2.762927044911378961e-03
2.707668504013151407e-03
2.624780692665810294e-03
2.707668504013151407e-03
2.555707516543025744e-03
2.638595327890366857e-03
2.652409963114923854e-03
2.652409963114923854e-03
2.624780692665810294e-03
2.624780692665810294e-03
2.680039233564037848e-03
2.666224598339480851e-03
2.790556315360492954e-03
2.569522151767582741e-03
2.624780692665810294e-03
2.680039233564037848e-03
2.707668504013151407e-03
2.735297774462265401e-03
2.749112409686822397e-03
2.680039233564037848e-03
2.735297774462265401e-03
2.762927044911378961e-03
2.624780692665810294e-03
2.680039233564037848e-03
2.707668504013151407e-03
2.776741680135935957e-03
2.693853868788594844e-03
2.735297774462265401e-03
2.818185585809606514e-03
2.693853868788594844e-03
2.624780692665810294e-03
2.749112409686822397e-03
2.818185585809606514e-03
2.707668504013151407e-03
2.749112409686822397e-03
2.749112409686822397e-03
2.721483139237708404e-03
2.776741680135935957e-03
2.735297774462265401e-03
2.804370950585049951e-03
2.735297774462265401e-03
2.859629491483277504e-03
2.832000221034163510e-03
2.776741680135935957e-03
2.818185585809606514e-03
2.721483139237708404e-03
2.832000221034163510e-03
2.790556315360492954e-03
2.832000221034163510e-03
2.832000221034163510e-03
2.804370950585049951e-03
2.735297774462265401e-03
2.914888032381505057e-03
2.887258761932391064e-03
2.818185585809606514e-03
2.914888032381505057e-03
2.859629491483277504e-03
2.873444126707834067e-03
2.859629491483277504e-03
2.901073397156948060e-03
2.942517302830618617e-03
2.901073397156948060e-03
2.859629491483277504e-03
2.956331938055175614e-03
2.928702667606062054e-03
2.914888032381505057e-03
2.901073397156948060e-03
2.942517302830618617e-03
2.901073397156948060e-03
2.956331938055175614e-03
2.956331938055175614e-03
2.873444126707834067e-03
2.901073397156948060e-03
3.025405114177960163e-03
2.901073397156948060e-03
2.983961208504289607e-03
2.956331938055175614e-03
2.901073397156948060e-03
3.011590478953403167e-03
3.011590478953403167e-03
3.011590478953403167e-03
2.845814856258720507e-03
2.956331938055175614e-03
2.859629491483277504e-03
2.956331938055175614e-03
2.956331938055175614e-03
2.942517302830618617e-03
2.942517302830618617e-03
2.859629491483277504e-03
2.942517302830618617e-03
2.970146573279732610e-03
2.983961208504289607e-03
2.997775843728846170e-03
2.997775843728846170e-03
2.942517302830618617e-03
2.997775843728846170e-03
2.873444126707834067e-03
2.956331938055175614e-03
2.956331938055175614e-03
2.790556315360492954e-03
3.039219749402517160e-03
2.970146573279732610e-03
2.873444126707834067e-03
2.983961208504289607e-03
2.901073397156948060e-03
3.011590478953403167e-03
3.053034384627073723e-03
2.859629491483277504e-03
2.887258761932391064e-03
2.997775843728846170e-03
2.970146573279732610e-03
2.997775843728846170e-03
2.970146573279732610e-03
3.053034384627073723e-03
2.997775843728846170e-03
2.983961208504289607e-03
2.983961208504289607e-03
3.039219749402517160e-03
3.039219749402517160e-03
3.066849019851630720e-03
3.039219749402517160e-03
2.859629491483277504e-03
2.914888032381505057e-03
3.149736831198972267e-03
3.080663655076187717e-03
2.901073397156948060e-03
2.901073397156948060e-03
2.901073397156948060e-03
3.025405114177960163e-03
3.053034384627073723e-03
3.025405114177960163e-03
3.025405114177960163e-03
2.970146573279732610e-03
3.053034384627073723e-03
2.928702667606062054e-03
2.873444126707834067e-03
2.942517302830618617e-03
2.970146573279732610e-03
2.997775843728846170e-03
2.970146573279732610e-03
2.970146573279732610e-03
3.025405114177960163e-03
2.956331938055175614e-03
2.983961208504289607e-03
2.887258761932391064e-03
2.873444126707834067e-03
2.818185585809606514e-03
2.914888032381505057e-03
2.983961208504289607e-03
2.914888032381505057e-03
2.832000221034163510e-03
2.942517302830618617e-03
2.928702667606062054e-03
2.832000221034163510e-03
2.859629491483277504e-03
2.956331938055175614e-03
2.956331938055175614e-03
2.901073397156948060e-03
2.804370950585049951e-03
2.859629491483277504e-03
2.707668504013151407e-03
2.776741680135935957e-03
2.928702667606062054e-03
2.790556315360492954e-03
2.790556315360492954e-03
2.859629491483277504e-03
2.776741680135935957e-03
2.735297774462265401e-03
2.707668504013151407e-03
2.818185585809606514e-03
2.832000221034163510e-03
2.832000221034163510e-03
2.735297774462265401e-03
2.873444126707834067e-03
2.832000221034163510e-03
2.749112409686822397e-03
2.818185585809606514e-03
2.790556315360492954e-03
2.832000221034163510e-03
2.680039233564037848e-03
2.873444126707834067e-03
2.832000221034163510e-03
2.914888032381505057e-03
2.859629491483277504e-03
2.845814856258720507e-03
2.776741680135935957e-03
2.873444126707834067e-03
2.914888032381505057e-03
2.818185585809606514e-03
2.832000221034163510e-03
2.804370950585049951e-03
2.887258761932391064e-03
2.901073397156948060e-03
2.887258761932391064e-03
2.804370950585049951e-03
2.942517302830618617e-03
2.818185585809606514e-03
2.928702667606062054e-03
2.887258761932391064e-03
2.818185585809606514e-03
2.832000221034163510e-03
2.818185585809606514e-03
2.901073397156948060e-03
2.914888032381505057e-03
2.776741680135935957e-03
2.804370950585049951e-03
2.928702667606062054e-03
2.901073397156948060e-03
2.845814856258720507e-03
2.914888032381505057e-03
2.928702667606062054e-03
3.025405114177960163e-03
2.928702667606062054e-03
2.859629491483277504e-03
2.887258761932391064e-03
2.970146573279732610e-03
2.832000221034163510e-03
2.914888032381505057e-03
2.956331938055175614e-03
3.039219749402517160e-03
2.887258761932391064e-03
2.914888032381505057e-03
3.122107560749858273e-03
2.983961208504289607e-03
3.011590478953403167e-03
2.928702667606062054e-03
2.887258761932391064e-03
2.997775843728846170e-03
3.039219749402517160e-03
3.053034384627073723e-03
3.039219749402517160e-03
3.053034384627073723e-03
3.025405114177960163e-03
3.080663655076187717e-03
3.108292925525301710e-03
3.177366101648085826e-03
3.094478290300744713e-03
2.942517302830618617e-03
3.066849019851630720e-03
3.025405114177960163e-03
2.901073397156948060e-03
2.956331938055175614e-03
3.122107560749858273e-03
3.025405114177960163e-03
3.053034384627073723e-03
3.149736831198972267e-03
3.122107560749858273e-03
3.149736831198972267e-03
3.094478290300744713e-03
3.122107560749858273e-03
3.011590478953403167e-03
3.039219749402517160e-03
3.122107560749858273e-03
2.928702667606062054e-03
3.080663655076187717e-03
2.983961208504289607e-03
3.108292925525301710e-03
3.094478290300744713e-03
3.149736831198972267e-03
3.080663655076187717e-03
3.191180736872642823e-03
3.094478290300744713e-03
3.053034384627073723e-03
3.094478290300744713e-03
3.135922195974415270e-03
3.094478290300744713e-03
3.218810007321756816e-03
3.108292925525301710e-03
3.080663655076187717e-03
3.163551466423529263e-03
3.053034384627073723e-03
3.108292925525301710e-03
3.108292925525301710e-03
3.122107560749858273e-03
3.025405114177960163e-03
3.108292925525301710e-03
3.108292925525301710e-03
3.108292925525301710e-03
3.191180736872642823e-03
3.135922195974415270e-03
3.149736831198972267e-03
3.218810007321756816e-03
3.108292925525301710e-03
3.122107560749858273e-03
3.177366101648085826e-03
2.997775843728846170e-03
3.218810007321756816e-03
3.094478290300744713e-03
3.135922195974415270e-03
3.191180736872642823e-03
3.025405114177960163e-03
2.970146573279732610e-03
2.970146573279732610e-03
2.873444126707834067e-03
2.790556315360492954e-03
2.859629491483277504e-03
2.832000221034163510e-03
2.928702667606062054e-03
3.011590478953403167e-03
3.204995372097199820e-03
3.343141724342768920e-03
3.522731982262008576e-03
3.522731982262008576e-03
3.522731982262008576e-03
3.522731982262008576e-03
3.522731982262008576e-03
3.495102711812894582e-03
3.274068548219984370e-03
3.039219749402517160e-03
2.638595327890366857e-03
2.417561164297456645e-03
1.864975755315180896e-03
1.643941591722270466e-03
1.340019616782018924e-03
1.063726912290880941e-03
8.841366543716412847e-04
7.045463964524016284e-04
5.664000442068327455e-04
3.868097862875930892e-04
3.039219749402517052e-04
2.624780692665810403e-04
1.934048931437965446e-04
1.657756226946827409e-04
1.381463522455689643e-04
9.670244657189827229e-05
8.288781134734137044e-05
6.907317612278448214e-05
6.907317612278448214e-05
4.144390567367068522e-05
4.144390567367068522e-05
5.525854089822758029e-05
4.144390567367068522e-05
5.525854089822758029e-05
2.762927044911379015e-05
4.144390567367068522e-05
4.144390567367068522e-05
1.381463522455689507e-05
2.762927044911379015e-05
2.762927044911379015e-05
1.381463522455689507e-05
1.381463522455689507e-05
1.381463522455689507e-05
1.381463522455689507e-05
2.762927044911379015e-05
2.762927044911379015e-05
1.381463522455689507e-05
1.381463522455689507e-05
2.762927044911379015e-05
2.762927044911379015e-05
4.144390567367068522e-05
2.762927044911379015e-05
1.381463522455689507e-05
2.762927044911379015e-05
2.762927044911379015e-05
1.381463522455689507e-05
2.762927044911379015e-05
2.762927044911379015e-05
2.762927044911379015e-05
2.762927044911379015e-05
2.762927044911379015e-05
1.381463522455689507e-05
1.381463522455689507e-05
1.381463522455689507e-05
