1.169317118802619285e-04
3.507951356407857583e-04
1.169317118802619285e-04
2.338634237605238570e-04
2.338634237605238570e-04
2.338634237605238570e-04
2.338634237605238570e-04
2.338634237605238570e-04
3.507951356407857583e-04
3.507951356407857583e-04
3.507951356407857583e-04
2.338634237605238570e-04
4.677268475210477139e-04
5.846585594013096153e-04
5.846585594013096153e-04
4.677268475210477139e-04
5.846585594013096153e-04
8.185219831618335265e-04
9.354536950420954278e-04
1.286248830682881240e-03
2.104770813844714875e-03
2.689429373246024491e-03
3.741814780168381711e-03
5.495790458372310991e-03
7.600561272217025433e-03
1.052385406922357394e-02
1.286248830682881240e-02
1.566884939195509890e-02
1.718896164639850330e-02
1.976145930776426404e-02
2.093077642656688414e-02
2.221702525724976451e-02
2.210009354536950424e-02
2.221702525724976451e-02
2.315247895229186059e-02
2.268475210477081255e-02
2.221702525724976451e-02
2.315247895229186059e-02
2.280168381665107630e-02
2.385406922357343265e-02
2.373713751169317238e-02
2.210009354536950424e-02
2.326941066417212434e-02
2.478952291861552873e-02
2.303554724041160032e-02
2.268475210477081255e-02
2.315247895229186059e-02
2.291861552853133657e-02
2.338634237605238461e-02
2.210009354536950424e-02
2.373713751169317238e-02
2.221702525724976451e-02
2.256782039289055228e-02
2.303554724041160032e-02
2.268475210477081255e-02
2.256782039289055228e-02
2.210009354536950424e-02
2.174929840972871994e-02
2.104770813844714789e-02
2.280168381665107630e-02
2.291861552853133657e-02
2.163236669784845620e-02
2.093077642656688414e-02
2.233395696913002826e-02
2.011225444340505181e-02
1.859214218896164741e-02
1.578578110383535918e-02
1.391487371375116876e-02
1.134237605238540628e-02
8.886810102899905806e-03
6.898971000935453374e-03
5.963517305893358163e-03
4.209541627689429751e-03
3.391019644527595682e-03
2.689429373246024491e-03
1.870907390084190856e-03
1.753975678203928846e-03
9.354536950420954278e-04
9.354536950420954278e-04
8.185219831618335265e-04
5.846585594013096153e-04
4.677268475210477139e-04
4.677268475210477139e-04
4.677268475210477139e-04
3.507951356407857583e-04
1.169317118802619285e-04
3.507951356407857583e-04
4.677268475210477139e-04
3.507951356407857583e-04
4.677268475210477139e-04
2.338634237605238570e-04
1.169317118802619285e-04
2.338634237605238570e-04
3.507951356407857583e-04
2.338634237605238570e-04
2.338634237605238570e-04
2.338634237605238570e-04
4.677268475210477139e-04
2.338634237605238570e-04
2.338634237605238570e-04
