4.116073266104136597e-05
4.116073266104136597e-05
2.744048844069424398e-05
2.744048844069424398e-05
5.488097688138848795e-05
5.488097688138848795e-05
2.744048844069424398e-05
5.488097688138848795e-05
6.860122110173560994e-05
5.488097688138848795e-05
4.116073266104136597e-05
4.116073266104136597e-05
4.116073266104136597e-05
4.116073266104136597e-05
5.488097688138848795e-05
5.488097688138848795e-05
8.232146532208273193e-05
9.604170954242985392e-05
9.604170954242985392e-05
1.646429306441654639e-04
1.646429306441654639e-04
1.920834190848597078e-04
2.469643959662481958e-04
3.704465939493722937e-04
4.390478150511079036e-04
5.213692803731906356e-04
6.722919667970089774e-04
8.232146532208273193e-04
1.056458804966728393e-03
1.317143445153323711e-03
1.426905398916100687e-03
1.811072237085820102e-03
2.112917609933456786e-03
2.401042738560746348e-03
2.702888111408383032e-03
2.977292995815325471e-03
3.183096659120532301e-03
3.457501543527474741e-03
3.498662276188516107e-03
3.498662276188516107e-03
3.361459833985044887e-03
3.334019345544350643e-03
3.169376414900185179e-03
2.840090553611854252e-03
2.757769088289771520e-03
2.757769088289771520e-03
2.757769088289771520e-03
2.689167867188035910e-03
2.565685669204911812e-03
2.675447622967688788e-03
2.785209576730465764e-03
2.675447622967688788e-03
2.757769088289771520e-03
2.826370309391507130e-03
2.798929820950812886e-03
2.812650065171160008e-03
2.840090553611854252e-03
2.798929820950812886e-03
2.812650065171160008e-03
2.634286890306647422e-03
2.744048844069424398e-03
2.771489332510118642e-03
2.675447622967688788e-03
2.826370309391507130e-03
2.744048844069424398e-03
2.798929820950812886e-03
2.757769088289771520e-03
2.798929820950812886e-03
2.826370309391507130e-03
2.771489332510118642e-03
2.730328599849077276e-03
2.730328599849077276e-03
2.648007134526994544e-03
2.757769088289771520e-03
2.757769088289771520e-03
2.757769088289771520e-03
2.771489332510118642e-03
2.634286890306647422e-03
2.757769088289771520e-03
2.744048844069424398e-03
2.785209576730465764e-03
2.730328599849077276e-03
2.648007134526994544e-03
2.716608355628730154e-03
2.771489332510118642e-03
2.785209576730465764e-03
2.675447622967688788e-03
2.675447622967688788e-03
2.771489332510118642e-03
2.936132263154284106e-03
2.785209576730465764e-03
2.648007134526994544e-03
2.702888111408383032e-03
2.949852507374631227e-03
2.812650065171160008e-03
2.702888111408383032e-03
2.757769088289771520e-03
2.785209576730465764e-03
2.826370309391507130e-03
2.798929820950812886e-03
2.867531042052548496e-03
2.853810797832201374e-03
2.840090553611854252e-03
2.867531042052548496e-03
2.826370309391507130e-03
2.812650065171160008e-03
2.908691774713589862e-03
2.798929820950812886e-03
2.785209576730465764e-03
2.812650065171160008e-03
2.881251286272895618e-03
2.853810797832201374e-03
2.922412018933936984e-03
2.840090553611854252e-03
2.977292995815325471e-03
2.908691774713589862e-03
2.963572751594978349e-03
2.867531042052548496e-03
2.812650065171160008e-03
2.894971530493242740e-03
2.867531042052548496e-03
2.936132263154284106e-03
3.045894216917061081e-03
2.922412018933936984e-03
2.991013240035672593e-03
2.963572751594978349e-03
3.004733484256019715e-03
3.018453728476366837e-03
3.032173972696713959e-03
3.045894216917061081e-03
2.922412018933936984e-03
2.922412018933936984e-03
3.018453728476366837e-03
3.004733484256019715e-03
3.032173972696713959e-03
2.963572751594978349e-03
2.949852507374631227e-03
3.018453728476366837e-03
3.141935926459490935e-03
3.018453728476366837e-03
2.826370309391507130e-03
2.894971530493242740e-03
2.963572751594978349e-03
2.991013240035672593e-03
3.032173972696713959e-03
3.073334705357755325e-03
3.087054949578102447e-03
3.073334705357755325e-03
3.045894216917061081e-03
2.977292995815325471e-03
3.032173972696713959e-03
3.004733484256019715e-03
2.908691774713589862e-03
3.059614461137408203e-03
2.936132263154284106e-03
3.032173972696713959e-03
3.045894216917061081e-03
3.141935926459490935e-03
3.004733484256019715e-03
3.059614461137408203e-03
2.963572751594978349e-03
3.045894216917061081e-03
2.963572751594978349e-03
3.155656170679838057e-03
3.032173972696713959e-03
3.087054949578102447e-03
3.114495438018796691e-03
2.991013240035672593e-03
3.100775193798449569e-03
3.004733484256019715e-03
3.018453728476366837e-03
2.991013240035672593e-03
3.018453728476366837e-03
3.045894216917061081e-03
3.018453728476366837e-03
2.949852507374631227e-03
3.073334705357755325e-03
3.018453728476366837e-03
2.949852507374631227e-03
3.032173972696713959e-03
2.977292995815325471e-03
3.004733484256019715e-03
2.991013240035672593e-03
3.059614461137408203e-03
2.977292995815325471e-03
3.169376414900185179e-03
3.004733484256019715e-03
2.991013240035672593e-03
2.991013240035672593e-03
2.991013240035672593e-03
2.963572751594978349e-03
3.059614461137408203e-03
2.949852507374631227e-03
2.963572751594978349e-03
3.032173972696713959e-03
3.073334705357755325e-03
2.867531042052548496e-03
3.045894216917061081e-03
2.826370309391507130e-03
3.004733484256019715e-03
3.004733484256019715e-03
2.936132263154284106e-03
3.045894216917061081e-03
2.881251286272895618e-03
2.826370309391507130e-03
2.840090553611854252e-03
2.867531042052548496e-03
2.922412018933936984e-03
2.908691774713589862e-03
2.881251286272895618e-03
2.826370309391507130e-03
2.840090553611854252e-03
2.798929820950812886e-03
2.798929820950812886e-03
2.894971530493242740e-03
2.826370309391507130e-03
2.894971530493242740e-03
2.867531042052548496e-03
2.867531042052548496e-03
2.894971530493242740e-03
2.867531042052548496e-03
2.840090553611854252e-03
2.867531042052548496e-03
2.634286890306647422e-03
2.730328599849077276e-03
2.675447622967688788e-03
2.853810797832201374e-03
2.785209576730465764e-03
2.826370309391507130e-03
2.798929820950812886e-03
2.840090553611854252e-03
2.826370309391507130e-03
2.716608355628730154e-03
2.675447622967688788e-03
2.716608355628730154e-03
2.744048844069424398e-03
2.730328599849077276e-03
2.744048844069424398e-03
2.744048844069424398e-03
2.798929820950812886e-03
2.730328599849077276e-03
2.853810797832201374e-03
2.702888111408383032e-03
2.853810797832201374e-03
2.785209576730465764e-03
2.826370309391507130e-03
2.881251286272895618e-03
2.785209576730465764e-03
2.798929820950812886e-03
2.826370309391507130e-03
2.757769088289771520e-03
2.812650065171160008e-03
2.812650065171160008e-03
2.785209576730465764e-03
2.689167867188035910e-03
2.894971530493242740e-03
2.744048844069424398e-03
2.716608355628730154e-03
2.853810797832201374e-03
2.812650065171160008e-03
2.771489332510118642e-03
2.785209576730465764e-03
2.840090553611854252e-03
2.867531042052548496e-03
2.798929820950812886e-03
2.812650065171160008e-03
2.867531042052548496e-03
2.936132263154284106e-03
2.894971530493242740e-03
2.867531042052548496e-03
2.853810797832201374e-03
2.812650065171160008e-03
2.812650065171160008e-03
2.840090553611854252e-03
2.798929820950812886e-03
2.922412018933936984e-03
2.853810797832201374e-03
3.018453728476366837e-03
2.867531042052548496e-03
2.977292995815325471e-03
2.949852507374631227e-03
2.963572751594978349e-03
2.894971530493242740e-03
2.922412018933936984e-03
2.991013240035672593e-03
2.991013240035672593e-03
3.004733484256019715e-03
2.991013240035672593e-03
2.908691774713589862e-03
2.949852507374631227e-03
3.004733484256019715e-03
2.991013240035672593e-03
3.100775193798449569e-03
2.949852507374631227e-03
2.881251286272895618e-03
3.018453728476366837e-03
3.018453728476366837e-03
3.045894216917061081e-03
2.977292995815325471e-03
3.018453728476366837e-03
2.949852507374631227e-03
3.128215682239143813e-03
3.059614461137408203e-03
3.018453728476366837e-03
3.073334705357755325e-03
3.141935926459490935e-03
3.059614461137408203e-03
3.114495438018796691e-03
2.991013240035672593e-03
3.032173972696713959e-03
3.224257391781573667e-03
3.100775193798449569e-03
3.141935926459490935e-03
3.059614461137408203e-03
3.045894216917061081e-03
2.977292995815325471e-03
3.004733484256019715e-03
3.059614461137408203e-03
2.867531042052548496e-03
2.991013240035672593e-03
3.045894216917061081e-03
3.087054949578102447e-03
2.922412018933936984e-03
3.100775193798449569e-03
2.963572751594978349e-03
3.141935926459490935e-03
3.032173972696713959e-03
3.032173972696713959e-03
2.977292995815325471e-03
2.936132263154284106e-03
3.128215682239143813e-03
3.059614461137408203e-03
3.073334705357755325e-03
3.004733484256019715e-03
3.114495438018796691e-03
2.991013240035672593e-03
3.018453728476366837e-03
2.963572751594978349e-03
3.155656170679838057e-03
2.991013240035672593e-03
2.922412018933936984e-03
2.977292995815325471e-03
2.977292995815325471e-03
3.045894216917061081e-03
2.963572751594978349e-03
3.114495438018796691e-03
2.894971530493242740e-03
3.032173972696713959e-03
2.922412018933936984e-03
2.798929820950812886e-03
2.716608355628730154e-03
2.730328599849077276e-03
2.757769088289771520e-03
2.730328599849077276e-03
2.812650065171160008e-03
2.894971530493242740e-03
3.059614461137408203e-03
3.169376414900185179e-03
3.375180078205392009e-03
3.498662276188516107e-03
3.498662276188516107e-03
3.498662276188516107e-03
3.443781299307127619e-03
3.334019345544350643e-03
3.141935926459490935e-03
2.675447622967688788e-03
2.497084448103176202e-03
2.167798586814845274e-03
1.852232969746861468e-03
1.591548329560266151e-03
1.275982712492282345e-03
9.741373396446456612e-04
7.820539205597859533e-04
6.174109899156204895e-04
4.939287919324963916e-04
3.704465939493722937e-04
3.155656170679838057e-04
2.332441517459010738e-04
1.783631748645125858e-04
1.372024422034712199e-04
1.234821979831240979e-04
6.860122110173560994e-05
9.604170954242985392e-05
5.488097688138848795e-05
5.488097688138848795e-05
5.488097688138848795e-05
2.744048844069424398e-05
4.116073266104136597e-05
4.116073266104136597e-05
1.372024422034712199e-05
5.488097688138848795e-05
4.116073266104136597e-05
2.744048844069424398e-05
4.116073266104136597e-05
2.744048844069424398e-05
1.372024422034712199e-05
2.744048844069424398e-05
2.744048844069424398e-05
2.744048844069424398e-05
1.372024422034712199e-05
1.372024422034712199e-05
2.744048844069424398e-05
4.116073266104136597e-05
1.372024422034712199e-05
1.372024422034712199e-05
1.372024422034712199e-05
1.372024422034712199e-05
1.372024422034712199e-05
1.372024422034712199e-05
1.372024422034712199e-05
1.372024422034712199e-05
2.744048844069424398e-05
2.744048844069424398e-05
1.372024422034712199e-05
1.372024422034712199e-05
1.372024422034712199e-05
2.744048844069424398e-05
1.372024422034712199e-05
1.372024422034712199e-05
0.000000000000000000e+00
